chr21	8807167	8807324	8
chr21	8988167	8988767	8
chr21	9246767	9247567	8
chr21	10330656	10331656	8
chr21	10339056	10340056	8
chr21	10365856	10367256	8
chr21	10452856	10453256	8
chr21	10652456	10664256	8
chr21	10664856	10679056	8
chr21	10681056	10682256	8
chr21	10683056	10738256	8
chr21	10791256	10793856	8
chr21	10795856	10798256	8
chr21	10799656	10799856	8
chr21	10809456	10811256	8
chr21	10812656	10813456	8
chr21	12966879	12967079	8
chr21	12970879	12971479	8
chr21	13979679	13980279	1
chr21	13980279	13980679	7
chr21	14027079	14030279	1
chr21	14037479	14040079	8
chr21	14040079	14040479	7
chr21	14084479	14085279	8
chr21	14086079	14086279	7
chr21	14086279	14087079	2
chr21	14087079	14087479	7
chr21	14087479	14087879	8
chr21	14089679	14090279	7
chr21	14090679	14093479	8
chr21	14095079	14097079	7
chr21	14114279	14114679	8
chr21	14115479	14115679	7
chr21	14115679	14115879	2
chr21	14115879	14116079	7
chr21	14116079	14116279	2
chr21	14116279	14117279	7
chr21	14121679	14122079	8
chr21	14215679	14215879	7
chr21	14215879	14216279	1
chr21	14216279	14216679	2
chr21	14216679	14216879	11
chr21	14216879	14217279	1
chr21	14379079	14380679	1
chr21	14380679	14381479	2
chr21	14381479	14384279	1
chr21	14384279	14384679	2
chr21	14384679	14384879	1
chr21	14414479	14415879	7
chr21	14450679	14452679	7
chr21	14452679	14455279	2
chr21	14455279	14455879	7
chr21	14480679	14480879	7
chr21	14481879	14485079	8
chr21	14487679	14488279	6
chr21	14489079	14489279	6
chr21	14494679	14495279	8
chr21	14503279	14503879	8
chr21	14507079	14507279	8
chr21	14508679	14511279	8
chr21	14516479	14518479	8
chr21	14521079	14521279	2
chr21	14521879	14522879	7
chr21	14522879	14524279	2
chr21	14524279	14524479	7
chr21	14524479	14524679	2
chr21	14524679	14526279	7
chr21	14526279	14527679	2
chr21	14527679	14528279	1
chr21	14528279	14528879	2
chr21	14528879	14529079	1
chr21	14529279	14529479	1
chr21	14531879	14533479	7
chr21	14533479	14534079	2
chr21	14534079	14534279	1
chr21	14534279	14534479	2
chr21	14534479	14534679	1
chr21	14534679	14535479	2
chr21	14535479	14539279	8
chr21	14541279	14541679	8
chr21	14541679	14546679	1
chr21	14546679	14547079	7
chr21	14547079	14548879	2
chr21	14548879	14549279	7
chr21	14550479	14550679	7
chr21	14554879	14556679	7
chr21	14556679	14558079	2
chr21	14558079	14558479	7
chr21	14558479	14558879	8
chr21	14566879	14567079	7
chr21	14567079	14568279	2
chr21	14568279	14569079	7
chr21	14569479	14569679	7
chr21	14570279	14571079	8
chr21	14571879	14572279	1
chr21	14572279	14572679	2
chr21	14572679	14573879	7
chr21	14589279	14589479	7
chr21	14589479	14592079	8
chr21	14592079	14592479	7
chr21	14602079	14602279	7
chr21	14602279	14603079	2
chr21	14603079	14603279	7
chr21	14619679	14620679	8
chr21	14630079	14630879	7
chr21	14675079	14675679	7
chr21	14675679	14677079	2
chr21	14677079	14678479	7
chr21	14679679	14680879	8
chr21	14682079	14682279	8
chr21	14683079	14683479	2
chr21	14683479	14685079	7
chr21	14685079	14688879	2
chr21	14688879	14689279	7
chr21	14722679	14723079	7
chr21	14723079	14723479	2
chr21	14723479	14723679	7
chr21	14733679	14737279	7
chr21	14737279	14737679	2
chr21	14737679	14738079	7
chr21	14753479	14754679	7
chr21	14761079	14761879	1
chr21	14761879	14762279	2
chr21	14762279	14762879	1
chr21	14762879	14763079	2
chr21	14763079	14763279	1
chr21	14763279	14764279	2
chr21	14764279	14764679	7
chr21	14766879	14767679	7
chr21	14813879	14814079	7
chr21	14825479	14825679	7
chr21	14825679	14825879	2
chr21	14825879	14826079	7
chr21	14826079	14826279	2
chr21	14826279	14827479	7
chr21	14862279	14862879	7
chr21	14863879	14864479	7
chr21	14864479	14864679	2
chr21	14864679	14864879	7
chr21	14864879	14865079	2
chr21	14865079	14865279	7
chr21	14868479	14869879	7
chr21	14869879	14871279	2
chr21	14871279	14872079	7
chr21	14875279	14877479	7
chr21	14877479	14877879	2
chr21	14877879	14878279	7
chr21	14878279	14878479	2
chr21	14878479	14880679	7
chr21	14901479	14902079	7
chr21	15000479	15001879	7
chr21	15001879	15002279	2
chr21	15002279	15002479	7
chr21	15025079	15025279	8
chr21	15042279	15043279	8
chr21	15046279	15047079	8
chr21	15050279	15050479	1
chr21	15050479	15050679	2
chr21	15050679	15050879	1
chr21	15050879	15052079	2
chr21	15052079	15054679	1
chr21	15054679	15054879	2
chr21	15054879	15056679	7
chr21	15056679	15057079	2
chr21	15057079	15057479	1
chr21	15057479	15057679	2
chr21	15057679	15057879	1
chr21	15057879	15058279	2
chr21	15058279	15059279	1
chr21	15059479	15060079	7
chr21	15060079	15060279	1
chr21	15060279	15060479	2
chr21	15060479	15066679	1
chr21	15066679	15066879	7
chr21	15159280	15160680	7
chr21	15206080	15206880	7
chr21	15206880	15207280	2
chr21	15207280	15207480	7
chr21	15220080	15220480	1
chr21	15222080	15222880	7
chr21	15407681	15408881	7
chr21	15422481	15423281	7
chr21	15437681	15438881	7
chr21	15441081	15441481	7
chr21	15444681	15446681	7
chr21	15513481	15513681	7
chr21	15513681	15513881	2
chr21	15513881	15514081	7
chr21	15514081	15514881	2
chr21	15514881	15515081	7
chr21	15671481	15671881	1
chr21	15729281	15729481	10
chr21	15729481	15733281	1
chr21	15733281	15733481	2
chr21	15733481	15733881	7
chr21	15733881	15734681	2
chr21	15734681	15736081	1
chr21	15737681	15738281	1
chr21	15738281	15738481	2
chr21	15741281	15742081	7
chr21	15742081	15744081	8
chr21	15754281	15757881	8
chr21	15762881	15763281	8
chr21	15780881	15783481	8
chr21	15795481	15796481	7
chr21	15797281	15798081	7
chr21	15811881	15812081	8
chr21	15812881	15813281	8
chr21	15816281	15816681	8
chr21	15855481	15856081	8
chr21	15870681	15871081	2
chr21	15871081	15871481	7
chr21	15880481	15881481	8
chr21	16082080	16082480	7
chr21	16193880	16197280	1
chr21	16197280	16197480	2
chr21	16197480	16197680	7
chr21	16198480	16198880	8
chr21	16199280	16200080	7
chr21	16308079	16308479	7
chr21	17427481	17427881	7
chr21	17427881	17428081	2
chr21	17428081	17429881	7
chr21	17429882	17430282	7
chr21	17454482	17454882	7
chr21	17488082	17488682	7
chr21	17491682	17492282	7
chr21	17512282	17513682	1
chr21	17513682	17514082	10
chr21	17514082	17514282	11
chr21	17597482	17598482	6
chr21	17599482	17599682	6
chr21	17603682	17603882	6
chr21	17606082	17606282	1
chr21	17606282	17606482	2
chr21	17606482	17606682	1
chr21	17608882	17609082	2
chr21	17609082	17610682	1
chr21	17610682	17611282	2
chr21	17611282	17613082	1
chr21	17613082	17613482	2
chr21	17613482	17613682	7
chr21	17679282	17679682	7
chr21	17688882	17689482	7
chr21	17699082	17699682	7
chr21	17699682	17699882	2
chr21	17699882	17700282	7
chr21	17708482	17709882	7
chr21	17742483	17743683	7
chr21	17775083	17775683	7
chr21	17775683	17775883	2
chr21	17775883	17776083	7
chr21	17776083	17776283	2
chr21	17776283	17777083	7
chr21	17777083	17777683	2
chr21	17777683	17778083	7
chr21	17779483	17779883	8
chr21	17779883	17784683	2
chr21	17784683	17785083	1
chr21	17785083	17785483	2
chr21	17787483	17788483	6
chr21	17788483	17788683	7
chr21	17788683	17789083	2
chr21	17789083	17789283	1
chr21	17789283	17789483	2
chr21	17789483	17789683	1
chr21	17789683	17790283	2
chr21	17790283	17790483	7
chr21	17790483	17790683	2
chr21	17790683	17791283	7
chr21	17791283	17793283	6
chr21	17798083	17799483	6
chr21	17806083	17813483	8
chr21	17815683	17820283	1
chr21	17820283	17821283	2
chr21	17821283	17821683	7
chr21	17834283	17834883	7
chr21	17834883	17835483	2
chr21	17847283	17847683	7
chr21	17847683	17848883	2
chr21	17848883	17849683	7
chr21	17901483	17902883	7
chr21	17930883	17931283	1
chr21	24899086	24899686	7
chr21	24903686	24904686	7
chr21	24954686	24955486	7
chr21	24955486	24955686	2
chr21	24955686	24955886	7
chr21	24955886	24956086	2
chr21	24956086	24956486	7
chr21	24969086	24969486	1
chr21	24994488	24994888	1
chr21	24994888	24995088	2
chr21	24995088	24995288	7
chr21	24995288	24995488	2
chr21	24995488	24995688	7
chr21	25036887	25037687	7
chr21	25039287	25039487	7
chr21	25039487	25039887	2
chr21	25039887	25040087	1
chr21	25040087	25040487	2
chr21	25114887	25115287	7
chr21	25175686	25176886	7
chr21	25176886	25177486	2
chr21	25177486	25178086	7
chr21	25186286	25188286	7
chr21	25188286	25189086	2
chr21	25190886	25191486	7
chr21	25215886	25217086	7
chr21	25298086	25298286	8
chr21	25298286	25300086	2
chr21	25300086	25301086	7
chr21	25301086	25301286	2
chr21	25301286	25301486	7
chr21	25301486	25301686	2
chr21	25301686	25302486	7
chr21	25313686	25314486	7
chr21	25323486	25323886	8
chr21	25385487	25388888	7
chr21	25393488	25395288	8
chr21	25395288	25395488	2
chr21	25395488	25396088	7
chr21	25396088	25397088	2
chr21	25397088	25397488	7
chr21	25397488	25398288	8
chr21	25399288	25400688	8
chr21	25402488	25404488	8
chr21	25405688	25407288	7
chr21	25408688	25410488	7
chr21	25411088	25416288	8
chr21	25416288	25416488	7
chr21	25416488	25418488	2
chr21	25418488	25418888	1
chr21	25418888	25419088	2
chr21	25419088	25419488	7
chr21	25419488	25421088	2
chr21	25421088	25421288	1
chr21	25421288	25421488	2
chr21	25421488	25422088	1
chr21	25422088	25422488	2
chr21	25422488	25424488	1
chr21	25424488	25425088	2
chr21	25425088	25425488	1
chr21	25425488	25426888	2
chr21	25426888	25427488	7
chr21	25427488	25429088	2
chr21	25429088	25430088	7
chr21	25453688	25454688	8
chr21	25454888	25456288	7
chr21	25456288	25457288	2
chr21	25457288	25457888	1
chr21	25457888	25458888	2
chr21	25458888	25459488	7
chr21	25459488	25460288	2
chr21	25460288	25461688	7
chr21	25461688	25462288	2
chr21	25462288	25462688	1
chr21	25462688	25465488	2
chr21	25465488	25466888	7
chr21	25473088	25474488	8
chr21	25485088	25485288	2
chr21	25485288	25485688	1
chr21	25485688	25487688	2
chr21	25487688	25489488	7
chr21	25489488	25489688	2
chr21	25489688	25489888	7
chr21	25489888	25490288	2
chr21	25490288	25490688	7
chr21	25490688	25490888	2
chr21	25490888	25491088	7
chr21	25491088	25491288	2
chr21	25491288	25491488	7
chr21	25491488	25494488	8
chr21	25494488	25495088	2
chr21	25495088	25496888	7
chr21	25496888	25498688	8
chr21	25500088	25505888	8
chr21	25505888	25506088	7
chr21	25506088	25506688	2
chr21	25506688	25507688	7
chr21	25507688	25509288	2
chr21	25509288	25510288	1
chr21	25510288	25511288	2
chr21	25511288	25512088	7
chr21	25512088	25512488	2
chr21	25512488	25513088	7
chr21	25550488	25550688	1
chr21	25550688	25551088	2
chr21	25551088	25551888	7
chr21	25559688	25559888	7
chr21	25559888	25560888	2
chr21	25560888	25561088	1
chr21	25561088	25561288	2
chr21	25561288	25562488	1
chr21	25570288	25571088	2
chr21	25572088	25573088	1
chr21	25573088	25573888	2
chr21	25574888	25578488	6
chr21	25602288	25603688	8
chr21	25606288	25606688	2
chr21	25606688	25608688	1
chr21	25608688	25608888	2
chr21	25634088	25634688	7
chr21	25636688	25638488	7
chr21	25638488	25639088	2
chr21	25639088	25640888	1
chr21	25640888	25641088	2
chr21	25730089	25730289	6
chr21	25731089	25732089	7
chr21	25732089	25732289	2
chr21	25732289	25732489	1
chr21	25732889	25733089	7
chr21	25733089	25733289	2
chr21	25733289	25733489	7
chr21	25733489	25734089	2
chr21	25734089	25736689	1
chr21	25736689	25736889	2
chr21	25736889	25737089	1
chr21	25737089	25740289	2
chr21	25740289	25740489	7
chr21	25756289	25756889	6
chr21	25790089	25790289	7
chr21	25790289	25790689	2
chr21	25801689	25802089	1
chr21	25855689	25855889	8
chr21	25903688	25904688	7
chr21	25938686	25939686	7
chr21	25945685	25946085	8
chr21	25966887	25967487	7
chr21	25967487	25967887	2
chr21	25967887	25968687	7
chr21	25971487	25971887	8
chr21	26070084	26070284	7
chr21	26070284	26070884	2
chr21	26070884	26071284	1
chr21	26071284	26071484	2
chr21	26112483	26113483	7
chr21	26117283	26117483	7
chr21	26117483	26117683	2
chr21	26117683	26117883	7
chr21	26117883	26118083	2
chr21	26118083	26119883	7
chr21	26136282	26136482	7
chr21	26136482	26138082	2
chr21	26138082	26139082	7
chr21	26156282	26158682	7
chr21	26167282	26171082	1
chr21	26171082	26171482	2
chr21	26177881	26178281	7
chr21	28745078	28745278	7
chr21	28745278	28745678	2
chr21	28745678	28745878	1
chr21	28883678	28883878	7
chr21	28883878	28884278	2
chr21	28884278	28885878	1
chr21	28952478	28952878	6
chr21	28952878	28953478	7
chr21	28953478	28953878	2
chr21	28953878	28954478	7
chr21	28991279	28993279	1
chr21	28993279	28993679	2
chr21	28993679	28993879	7
chr21	29002279	29003879	1
chr21	29017079	29017679	7
chr21	29017679	29018079	2
chr21	29018079	29019879	1
chr21	29019879	29020079	2
chr21	29023879	29024079	7
chr21	29024079	29024279	2
chr21	29024279	29025879	1
chr21	29025879	29026279	2
chr21	29026279	29026479	1
chr21	29026679	29027679	1
chr21	29028879	29029079	6
chr21	29034479	29034879	6
chr21	29063879	29064479	6
chr21	29069279	29070279	6
chr21	29071279	29071479	1
chr21	29071479	29072079	2
chr21	29072079	29072279	1
chr21	29072279	29072479	2
chr21	29072479	29074479	1
chr21	29077279	29078879	1
chr21	29078879	29080879	2
chr21	29103679	29104479	7
chr21	29104479	29104879	2
chr21	29104879	29105279	7
chr21	29106479	29106879	7
chr21	29115679	29117279	7
chr21	29117279	29117879	2
chr21	29117879	29118079	7
chr21	29121479	29121679	7
chr21	29121679	29122679	2
chr21	29122679	29122879	1
chr21	29124279	29124479	7
chr21	29124479	29126079	2
chr21	29126079	29126279	7
chr21	29130279	29131079	7
chr21	29175479	29177079	7
chr21	29178279	29178879	7
chr21	29181879	29182079	2
chr21	29182079	29182679	1
chr21	29183879	29184679	7
chr21	29195279	29196079	7
chr21	29196079	29196279	2
chr21	29196279	29196479	1
chr21	29196479	29196679	2
chr21	29196679	29196879	1
chr21	29196879	29197279	2
chr21	29197279	29197679	7
chr21	29208479	29208679	7
chr21	29208679	29208879	2
chr21	29208879	29209079	7
chr21	29209079	29209279	2
chr21	29209279	29209879	7
chr21	29224079	29225679	7
chr21	29226679	29227479	7
chr21	29227879	29228879	7
chr21	29230679	29231079	7
chr21	29231079	29231479	2
chr21	29231479	29232879	7
chr21	29232879	29234679	2
chr21	29234679	29235279	7
chr21	29235279	29237879	2
chr21	29237879	29238279	7
chr21	29238279	29239279	2
chr21	29244079	29245279	7
chr21	29245279	29245679	2
chr21	29245679	29246479	7
chr21	29266079	29267279	7
chr21	29287479	29287879	7
chr21	29293479	29294879	7
chr21	29294879	29296879	8
chr21	29296879	29297679	7
chr21	29297679	29298479	2
chr21	29298479	29301879	1
chr21	29301879	29302879	2
chr21	29302879	29303479	1
chr21	29303479	29303879	2
chr21	29303879	29304479	7
chr21	29304479	29304879	2
chr21	29304879	29305079	1
chr21	29305079	29305279	2
chr21	29305279	29305479	1
chr21	29305479	29305879	2
chr21	29307879	29308079	1
chr21	29308079	29308479	2
chr21	29308479	29309079	7
chr21	29310279	29312679	8
chr21	29314679	29315479	7
chr21	29320879	29321479	8
chr21	29341079	29341679	7
chr21	29341679	29342279	2
chr21	29342679	29343079	6
chr21	29346279	29347079	7
chr21	29347079	29348679	2
chr21	29353279	29355079	8
chr21	29365879	29366079	8
chr21	29372080	29372480	7
chr21	29418680	29419880	7
chr21	29453480	29454080	7
chr21	29468480	29469080	7
chr21	29470680	29471880	7
chr21	29506280	29506680	7
chr21	29557279	29557679	7
chr21	29638480	29639080	7
chr21	29639080	29640080	2
chr21	29640080	29640480	7
chr21	29640480	29640680	2
chr21	29640680	29640880	7
chr21	29656480	29657080	7
chr21	29697481	29697881	7
chr21	30979081	30979281	7
chr21	30979281	30979681	1
chr21	31012481	31013281	1
chr21	31014081	31014281	7
chr21	31028081	31028281	7
chr21	31029281	31031681	7
chr21	31041081	31041481	7
chr21	31041481	31042281	2
chr21	31042281	31043681	7
chr21	31064481	31064881	7
chr21	31077881	31079481	7
chr21	31102882	31103282	7
chr21	31103282	31103682	2
chr21	31103682	31103882	7
chr21	31107282	31109282	7
chr21	31132082	31132682	7
chr21	31132682	31132882	2
chr21	31132882	31133082	7
chr21	31133082	31133482	2
chr21	31133482	31133882	7
chr21	31136882	31138082	7
chr21	31195084	31195284	1
chr21	31195284	31195484	2
chr21	31195484	31195684	1
chr21	31195684	31196084	7
chr21	31196084	31196284	2
chr21	31201084	31201884	7
chr21	31219084	31219684	7
chr21	31220684	31220884	7
chr21	31325885	31326285	7
chr21	31326285	31326885	2
chr21	31326885	31327085	1
chr21	31446287	31447087	7
chr21	31506287	31510487	7
chr21	31552887	31555087	7
chr21	31558087	31558887	10
chr21	31558887	31559487	1
chr21	31559487	31559887	11
chr21	31647687	31647887	7
chr21	31647887	31648287	2
chr21	31648287	31648487	7
chr21	31655487	31657287	7
chr21	31658887	31659087	2
chr21	31659087	31662087	1
chr21	31662087	31662687	2
chr21	31663287	31663487	6
chr21	31663887	31665487	6
chr21	31665887	31670087	6
chr21	31708887	31710287	7
chr21	31713487	31714087	7
chr21	31714087	31715087	2
chr21	31716287	31717087	7
chr21	31718287	31718487	7
chr21	31718887	31719087	7
chr21	31720487	31721087	7
chr21	31723087	31724087	8
chr21	31724287	31724487	7
chr21	31724487	31725887	2
chr21	31726487	31727087	8
chr21	31728087	31728887	1
chr21	31728887	31729687	2
chr21	31729687	31732487	1
chr21	31732487	31734087	2
chr21	31734087	31734287	7
chr21	31734687	31736287	7
chr21	31736887	31737087	7
chr21	31771687	31772487	7
chr21	31772487	31773687	2
chr21	31872287	31873087	10
chr21	32015287	32015487	7
chr21	32015487	32016087	2
chr21	32016087	32016287	7
chr21	32132289	32132489	7
chr21	32134489	32135289	7
chr21	32135289	32136489	2
chr21	32136489	32138289	7
chr21	32190688	32191288	7
chr21	32240088	32240488	7
chr21	32240488	32241088	2
chr21	32241088	32241288	7
chr21	32241288	32241688	2
chr21	32241688	32241888	7
chr21	32257889	32258489	7
chr21	32277689	32278289	2
chr21	32278289	32279689	1
chr21	32279689	32280089	2
chr21	32280089	32280289	1
chr21	32327890	32328290	8
chr21	32331091	32333891	8
chr21	32343891	32347291	8
chr21	32350291	32352091	6
chr21	32387891	32388091	6
chr21	32390091	32390291	1
chr21	32391291	32391491	1
chr21	32391491	32391891	2
chr21	32391891	32393491	1
chr21	32393491	32393891	2
chr21	32393891	32394091	1
chr21	32411892	32412292	10
chr21	32478691	32479691	7
chr21	32569290	32569490	2
chr21	32569490	32569690	1
chr21	32569690	32570090	2
chr21	32570090	32570890	7
chr21	32595690	32596290	7
chr21	32610290	32610690	7
chr21	32610690	32610890	2
chr21	32610890	32613690	1
chr21	32625090	32625290	7
chr21	32650490	32650690	6
chr21	32650690	32651090	2
chr21	32651090	32651290	1
chr21	32651290	32651490	2
chr21	32658090	32660290	8
chr21	32664290	32665890	8
chr21	32710890	32711690	7
chr21	32711690	32712490	2
chr21	32712490	32713090	7
chr21	32726289	32726689	2
chr21	32726689	32728489	1
chr21	32728489	32728889	2
chr21	32728889	32729089	1
chr21	32764089	32764889	6
chr21	32765489	32765689	2
chr21	32765689	32766489	7
chr21	32766689	32766889	2
chr21	32766889	32767289	1
chr21	32767289	32767489	2
chr21	32767489	32767689	7
chr21	32767889	32768089	6
chr21	32769289	32769689	2
chr21	32769689	32773689	1
chr21	32779889	32780289	7
chr21	32813490	32813890	7
chr21	32886292	32886692	1
chr21	32886692	32886892	7
chr21	32909092	32909892	7
chr21	32913892	32915692	7
chr21	32929292	32929492	7
chr21	32929492	32930092	2
chr21	32930092	32931692	7
chr21	32931692	32931892	2
chr21	32931892	32932092	7
chr21	32932092	32932292	2
chr21	32932292	32933892	7
chr21	33071294	33072094	10
chr21	33078094	33078694	7
chr21	33078694	33079694	2
chr21	33079694	33080694	7
chr21	33127094	33127494	10
chr21	33196895	33197295	7
chr21	33198695	33200895	7
chr21	33203495	33204895	7
chr21	33204895	33205895	2
chr21	33205895	33206095	7
chr21	33206695	33208295	8
chr21	33211695	33214895	7
chr21	33214895	33217095	2
chr21	33217095	33218295	7
chr21	33227495	33229295	7
chr21	33229295	33229695	2
chr21	33229695	33232295	1
chr21	33232295	33232495	2
chr21	33232495	33232695	1
chr21	33232695	33233295	2
chr21	33233295	33233495	1
chr21	33233495	33233695	2
chr21	33233695	33234095	1
chr21	33234095	33234495	2
chr21	33235495	33236095	6
chr21	33237095	33237495	6
chr21	33237895	33238495	2
chr21	33238495	33239095	1
chr21	33239095	33239495	2
chr21	33239695	33240095	6
chr21	33240295	33240495	2
chr21	33240495	33242095	6
chr21	33243295	33245695	6
chr21	33246695	33247895	6
chr21	33255295	33255895	6
chr21	33256295	33258095	8
chr21	33260095	33260295	6
chr21	33261295	33262095	7
chr21	33262895	33263695	6
chr21	33264695	33265495	7
chr21	33265495	33266295	2
chr21	33266295	33267695	1
chr21	33267695	33269495	2
chr21	33269495	33269895	1
chr21	33269895	33270295	2
chr21	33270295	33270495	7
chr21	33270495	33271295	6
chr21	33278495	33280295	8
chr21	33296095	33296695	7
chr21	33298695	33299095	7
chr21	33299095	33299495	2
chr21	33299495	33302095	7
chr21	33307495	33308095	7
chr21	33308095	33309895	2
chr21	33309895	33310695	8
chr21	33312495	33313495	7
chr21	33323695	33326495	1
chr21	33326495	33327295	2
chr21	33327295	33327495	1
chr21	33327495	33327695	2
chr21	33327695	33329094	1
chr21	33329094	33330094	2
chr21	33330094	33330494	7
chr21	33330494	33330894	2
chr21	33332894	33333494	8
chr21	33334294	33335694	8
chr21	33338094	33338294	6
chr21	33338294	33339094	7
chr21	33339094	33340294	2
chr21	33340294	33340494	6
chr21	33340494	33341094	7
chr21	33360694	33361494	2
chr21	33361494	33361894	1
chr21	33361894	33362694	2
chr21	33363894	33364694	7
chr21	33373494	33374294	7
chr21	33374294	33374694	2
chr21	33374694	33375694	7
chr21	33376894	33377894	7
chr21	33379494	33379894	7
chr21	33379894	33380094	2
chr21	33380094	33380494	7
chr21	33380494	33381294	2
chr21	33381294	33382294	7
chr21	33382294	33383894	2
chr21	33383894	33384494	7
chr21	33384494	33385294	2
chr21	33385294	33386494	7
chr21	33394094	33395894	7
chr21	33399694	33402294	7
chr21	33402294	33402894	2
chr21	33402894	33404894	1
chr21	33404894	33405094	2
chr21	33405094	33405294	1
chr21	33405294	33406294	2
chr21	33406294	33407094	1
chr21	33407494	33407694	2
chr21	33407694	33408494	1
chr21	33408694	33409494	6
chr21	33410894	33412494	6
chr21	33412494	33413094	7
chr21	33413094	33413694	2
chr21	33413694	33413894	7
chr21	33413894	33415293	6
chr21	33429293	33429693	6
chr21	33431693	33432493	6
chr21	33434093	33434893	2
chr21	33434893	33435293	7
chr21	33435293	33435493	2
chr21	33435493	33436093	7
chr21	33436893	33437093	6
chr21	33440093	33440293	7
chr21	33440693	33443293	7
chr21	33444893	33445293	7
chr21	33471293	33471493	7
chr21	33478293	33480893	1
chr21	33480893	33481293	2
chr21	33481293	33481893	7
chr21	33490693	33490893	7
chr21	33490893	33491293	2
chr21	33491293	33492293	1
chr21	33540094	33540294	2
chr21	33540294	33546294	1
chr21	33547294	33547494	8
chr21	33549694	33556494	8
chr21	33556894	33557294	6
chr21	33586094	33588894	1
chr21	33588894	33589494	2
chr21	33639694	33640494	7
chr21	33640494	33641094	2
chr21	33641094	33643494	1
chr21	33643494	33643894	10
chr21	33645094	33645294	7
chr21	33686495	33686695	7
chr21	33734695	33735295	7
chr21	33848496	33849096	7
chr21	33894696	33895096	7
chr21	33901696	33902096	6
chr21	33910096	33911296	6
chr21	33911896	33912496	6
chr21	33913496	33913896	6
chr21	33913896	33916096	1
chr21	33916096	33916496	2
chr21	33916496	33916696	7
chr21	33920296	33921096	7
chr21	33923896	33924896	7
chr21	33931896	33932096	1
chr21	33932096	33932696	2
chr21	33932696	33933096	7
chr21	33936896	33937896	7
chr21	33937896	33938096	2
chr21	33938096	33938496	1
chr21	33938496	33938696	2
chr21	33938696	33939696	7
chr21	33946096	33947296	7
chr21	33947296	33950497	2
chr21	33950497	33951297	7
chr21	33951297	33952297	2
chr21	33952297	33953097	7
chr21	33955497	33956697	7
chr21	33968099	33968699	7
chr21	33971499	33973299	7
chr21	33974099	33975299	7
chr21	33975299	33977699	2
chr21	33977699	33978299	7
chr21	33983099	33986299	7
chr21	34016899	34017099	7
chr21	34017099	34022099	2
chr21	34022099	34022699	7
chr21	34022699	34023099	2
chr21	34023099	34023699	7
chr21	34025499	34026099	7
chr21	34029899	34030099	7
chr21	34030099	34030499	2
chr21	34031499	34031699	1
chr21	34031699	34032299	2
chr21	34032299	34032899	7
chr21	34046100	34046700	7
chr21	34046700	34047100	2
chr21	34047100	34047300	7
chr21	34052100	34052700	7
chr21	34069900	34070100	7
chr21	34072700	34073100	2
chr21	34073100	34075900	1
chr21	34075900	34076300	2
chr21	34076300	34076700	1
chr21	34076700	34077700	2
chr21	34077700	34078300	1
chr21	34078300	34078500	2
chr21	34078700	34078900	2
chr21	34079100	34079300	2
chr21	34079300	34079900	1
chr21	34081500	34081900	7
chr21	34081900	34083101	2
chr21	34083501	34084901	6
chr21	34087701	34088101	6
chr21	34092501	34092901	6
chr21	34096501	34097901	6
chr21	34113701	34113901	6
chr21	34129100	34130500	6
chr21	34135500	34138100	8
chr21	34142700	34145700	8
chr21	34192499	34193099	7
chr21	34198299	34199499	7
chr21	34201499	34201899	7
chr21	34201899	34202299	1
chr21	34202299	34202699	2
chr21	34205099	34205899	7
chr21	34205899	34206299	2
chr21	34206299	34206499	7
chr21	34361701	34362301	7
chr21	34374701	34374901	7
chr21	34374901	34375301	2
chr21	34375301	34376101	1
chr21	34376101	34376901	2
chr21	34376901	34377301	7
chr21	34383302	34383702	7
chr21	34383702	34384502	2
chr21	34384502	34385102	7
chr21	34417102	34417502	7
chr21	34417502	34417902	2
chr21	34517502	34518302	7
chr21	34520702	34523102	7
chr21	34526302	34526502	2
chr21	34526502	34526902	1
chr21	34526902	34527502	2
chr21	34534302	34535702	7
chr21	34543302	34544302	7
chr21	34544302	34546302	2
chr21	34546302	34547902	7
chr21	34549102	34549302	7
chr21	34557302	34557702	7
chr21	34567902	34569302	7
chr21	34569502	34569702	8
chr21	34581702	34585302	7
chr21	34602902	34603502	7
chr21	34611701	34612301	7
chr21	34612301	34613301	2
chr21	34613301	34613501	1
chr21	34613501	34613701	2
chr21	34613701	34613901	1
chr21	34613901	34614301	2
chr21	34614301	34615501	1
chr21	34615501	34615901	2
chr21	34617901	34618301	7
chr21	34623101	34624101	7
chr21	34630901	34631701	7
chr21	34632101	34633101	7
chr21	34637501	34639101	7
chr21	34639101	34639301	2
chr21	34639301	34639501	7
chr21	34639501	34642901	2
chr21	34642901	34643901	7
chr21	34668901	34671701	1
chr21	34671701	34672301	2
chr21	34672701	34673701	2
chr21	34673701	34673901	1
chr21	34674101	34674901	1
chr21	34674901	34675301	2
chr21	34675501	34676101	6
chr21	34676101	34676701	7
chr21	34677501	34677901	2
chr21	34677901	34678101	7
chr21	34690501	34694901	7
chr21	34694901	34696101	2
chr21	34696101	34697901	6
chr21	34705302	34707502	6
chr21	34707702	34707902	2
chr21	34707902	34708702	7
chr21	34714902	34716502	7
chr21	34722902	34723102	7
chr21	34726902	34727102	7
chr21	34744903	34745503	7
chr21	34745503	34746303	2
chr21	34746303	34747103	7
chr21	34801703	34803103	7
chr21	34803503	34804503	7
chr21	34807103	34809103	7
chr21	34811103	34811503	7
chr21	34825903	34826303	8
chr21	34834903	34835503	7
chr21	34843903	34844303	7
chr21	34844303	34846103	2
chr21	34846103	34847303	7
chr21	34852103	34852503	7
chr21	34856503	34856703	6
chr21	34856703	34857703	7
chr21	34863903	34864703	7
chr21	34864703	34866703	2
chr21	34866703	34867703	7
chr21	34873903	34874703	7
chr21	34874703	34875703	2
chr21	34875703	34876303	7
chr21	34882103	34882903	7
chr21	34882903	34884103	2
chr21	34884103	34885903	1
chr21	34885903	34886303	2
chr21	34886303	34887503	1
chr21	34887503	34887703	2
chr21	34887703	34887903	1
chr21	34887903	34888503	2
chr21	34888503	34890303	1
chr21	34890303	34890503	2
chr21	34890503	34890903	7
chr21	34909903	34912903	7
chr21	34925303	34925703	7
chr21	34933503	34933703	7
chr21	34933703	34934703	2
chr21	34942503	34943503	7
chr21	34967503	34970703	7
chr21	34973703	34974903	2
chr21	34974903	34975503	7
chr21	34975503	34975703	2
chr21	34983103	34985103	7
chr21	34986103	34988103	2
chr21	34988103	34988503	7
chr21	34989503	34990503	7
chr21	34992903	34993903	7
chr21	35020303	35021903	7
chr21	35023503	35023703	7
chr21	35024503	35026103	7
chr21	35026103	35026703	2
chr21	35026703	35027103	1
chr21	35027103	35028103	2
chr21	35028103	35028703	7
chr21	35035703	35036103	7
chr21	35039903	35042903	7
chr21	35042903	35048903	2
chr21	35048903	35049503	1
chr21	35049503	35051703	2
chr21	35051703	35051903	7
chr21	35057503	35057903	7
chr21	35102703	35103303	7
chr21	35138703	35139503	7
chr21	35189303	35189503	2
chr21	35189503	35189703	1
chr21	35189703	35190503	2
chr21	35190503	35191303	7
chr21	35199103	35199703	7
chr21	35204903	35205103	1
chr21	35205103	35205503	2
chr21	35205503	35205903	7
chr21	35205903	35206103	2
chr21	35206103	35206303	7
chr21	35206303	35206503	2
chr21	35206503	35207103	7
chr21	35211703	35213103	7
chr21	35221903	35222303	7
chr21	35222303	35223103	2
chr21	35223103	35223303	7
chr21	35226303	35226903	7
chr21	35226903	35228303	2
chr21	35229303	35229903	7
chr21	35230303	35231703	7
chr21	35234103	35234303	7
chr21	35234303	35235103	2
chr21	35235103	35236703	8
chr21	35252902	35253502	7
chr21	35321302	35321902	7
chr21	35321902	35322302	2
chr21	35322302	35322502	7
chr21	35322902	35323702	7
chr21	35342302	35342702	7
chr21	35342702	35343702	2
chr21	35438302	35438702	7
chr21	35438702	35439102	2
chr21	35528102	35528302	7
chr21	35528302	35529702	2
chr21	35529702	35529902	1
chr21	35691702	35692102	7
chr21	35692902	35693102	7
chr21	35697302	35697502	7
chr21	35745702	35745902	7
chr21	35895502	35895702	7
chr21	35895702	35896502	2
chr21	35896502	35896902	7
chr21	35932102	35932302	7
chr21	35932302	35932502	2
chr21	35932502	35932702	7
chr21	35932702	35932902	2
chr21	35932902	35933902	7
chr21	36004702	36005102	10
chr21	36021102	36021502	11
chr21	36021502	36021902	8
chr21	36022502	36022902	7
chr21	36027502	36028902	7
chr21	36057702	36058102	6
chr21	36058902	36061102	1
chr21	36061102	36061302	2
chr21	36065702	36065902	7
chr21	36069302	36069902	2
chr21	36069902	36070102	1
chr21	36070102	36071302	2
chr21	36071302	36071702	7
chr21	36076902	36077102	7
chr21	36077102	36077902	2
chr21	36077902	36079702	7
chr21	36097302	36098102	7
chr21	36098502	36098702	7
chr21	36100502	36101302	7
chr21	36112702	36112902	2
chr21	36112902	36113102	1
chr21	36113102	36114102	2
chr21	36120302	36120902	7
chr21	36126302	36126702	7
chr21	36130502	36130702	1
chr21	36130702	36130902	2
chr21	36134502	36134902	11
chr21	36134902	36135502	2
chr21	36135502	36136502	1
chr21	36136502	36136702	2
chr21	36149902	36150102	7
chr21	36150102	36150702	2
chr21	36150702	36150902	7
chr21	36153302	36153502	7
chr21	36155702	36155902	1
chr21	36155902	36156302	2
chr21	36156302	36157302	1
chr21	36157302	36157902	2
chr21	36181102	36182102	7
chr21	36203302	36204302	7
chr21	36234102	36237302	7
chr21	36253302	36254302	7
chr21	36254302	36254902	2
chr21	36254902	36256902	7
chr21	36260302	36260502	2
chr21	36260502	36260702	1
chr21	36260702	36261102	2
chr21	36281702	36283702	7
chr21	36288302	36288702	7
chr21	36288702	36290302	2
chr21	36290302	36290502	7
chr21	36295102	36295502	7
chr21	36297102	36297702	7
chr21	36297702	36298702	2
chr21	36298702	36299702	7
chr21	36302302	36303302	7
chr21	36310102	36311302	7
chr21	36319502	36319702	7
chr21	36319702	36320102	2
chr21	36320102	36321902	1
chr21	36321902	36322102	2
chr21	36322102	36322302	1
chr21	36322302	36323502	2
chr21	36323902	36324702	6
chr21	36328902	36329502	7
chr21	36330502	36330702	7
chr21	36330702	36330902	6
chr21	36369102	36370102	6
chr21	36370902	36371502	6
chr21	36385502	36385902	1
chr21	36385902	36386702	2
chr21	36386702	36389302	7
chr21	36429502	36429902	7
chr21	36429902	36430702	2
chr21	36430702	36431502	7
chr21	36433502	36433702	7
chr21	36434102	36434502	7
chr21	36461902	36462302	7
chr21	36470902	36472702	7
chr21	36477702	36478302	7
chr21	36478302	36478502	1
chr21	36478502	36478902	2
chr21	36478902	36479102	7
chr21	36504302	36504502	7
chr21	36504502	36505102	2
chr21	36505102	36508702	7
chr21	36509902	36510902	7
chr21	36510902	36511902	2
chr21	36511902	36515102	7
chr21	36515102	36515302	2
chr21	36515302	36516102	7
chr21	36516102	36516702	2
chr21	36516702	36517502	7
chr21	36517502	36517702	2
chr21	36517702	36517902	7
chr21	36517902	36518102	2
chr21	36518102	36518702	7
chr21	36518702	36519102	2
chr21	36519102	36519502	7
chr21	36519702	36520102	8
chr21	36522902	36523102	8
chr21	36523302	36523502	7
chr21	36530302	36530902	7
chr21	36532902	36534102	8
chr21	36534102	36535702	7
chr21	36535702	36536502	2
chr21	36536502	36538102	7
chr21	36538102	36538302	2
chr21	36538302	36538702	7
chr21	36538702	36539102	2
chr21	36539102	36539502	7
chr21	36539502	36540502	2
chr21	36540502	36542302	1
chr21	36542302	36543302	2
chr21	36543302	36543902	7
chr21	36577102	36577902	7
chr21	36582102	36583502	7
chr21	36747299	36747499	11
chr21	36856700	36857100	7
chr21	36859900	36860500	7
chr21	36863100	36864100	7
chr21	36866500	36867700	7
chr21	36916500	36917300	7
chr21	36964500	36966100	2
chr21	36966100	36967300	1
chr21	36967300	36967700	2
chr21	36976900	36977100	7
chr21	36977100	36977900	2
chr21	36977900	36978100	7
chr21	36980300	36981300	2
chr21	36988300	36989500	7
chr21	36989500	36989700	2
chr21	36989700	36990500	1
chr21	36990500	36990700	2
chr21	37007100	37007300	11
chr21	37009500	37009700	10
chr21	37009700	37010100	2
chr21	37010100	37010700	7
chr21	37044900	37045500	7
chr21	37062100	37062900	7
chr21	37070300	37070500	7
chr21	37070500	37070700	2
chr21	37070700	37071100	7
chr21	37071100	37072100	2
chr21	37072100	37075500	1
chr21	37075500	37075700	2
chr21	37075700	37075900	7
chr21	37076300	37077300	7
chr21	37077300	37077700	2
chr21	37077700	37078300	1
chr21	37078700	37078900	7
chr21	37078900	37079100	2
chr21	37079100	37079500	1
chr21	37108500	37109100	8
chr21	37119300	37120300	7
chr21	37146100	37146700	6
chr21	37158298	37159298	6
chr21	37159698	37160098	6
chr21	37183498	37184098	8
chr21	37184098	37185499	7
chr21	37205499	37207099	7
chr21	37207099	37208899	2
chr21	37208899	37210699	7
chr21	37219699	37219899	7
chr21	37219899	37220899	2
chr21	37220899	37221299	1
chr21	37221299	37221899	2
chr21	37223099	37223299	6
chr21	37225099	37225699	6
chr21	37231299	37231899	6
chr21	37232899	37233499	6
chr21	37244699	37245499	7
chr21	37248899	37249899	7
chr21	37254099	37254299	6
chr21	37254299	37254499	7
chr21	37256499	37256699	2
chr21	37256699	37256899	7
chr21	37256899	37257699	2
chr21	37257699	37257899	1
chr21	37257899	37258099	2
chr21	37258099	37258699	1
chr21	37258699	37259099	2
chr21	37263699	37264099	6
chr21	37264499	37265499	1
chr21	37265499	37265899	2
chr21	37265899	37266099	1
chr21	37266099	37266299	2
chr21	37266299	37268899	1
chr21	37273699	37273899	7
chr21	37273899	37274499	2
chr21	37291698	37292098	7
chr21	37358298	37358698	7
chr21	37364698	37364898	7
chr21	37364898	37365498	2
chr21	37365498	37369298	1
chr21	37369298	37370098	2
chr21	37370098	37370298	1
chr21	37370298	37370498	2
chr21	37370498	37371898	1
chr21	37371898	37373098	2
chr21	37373098	37373298	1
chr21	37373298	37373498	2
chr21	37373898	37374098	1
chr21	37374098	37374498	2
chr21	37374498	37375498	7
chr21	37375898	37376698	8
chr21	37378698	37378898	7
chr21	37379498	37379698	8
chr21	37379898	37380098	7
chr21	37380498	37380698	7
chr21	37381698	37382498	7
chr21	37382698	37382898	7
chr21	37382898	37383298	2
chr21	37383298	37384498	7
chr21	37392498	37393298	8
chr21	37396698	37397098	8
chr21	37401898	37404898	8
chr21	37404898	37405698	7
chr21	37405698	37406098	2
chr21	37406098	37407098	7
chr21	37407098	37408498	2
chr21	37408498	37410098	7
chr21	37410098	37410298	2
chr21	37410298	37411698	7
chr21	37411698	37411898	2
chr21	37411898	37412298	7
chr21	37412298	37413098	2
chr21	37413098	37413498	7
chr21	37413498	37416298	2
chr21	37416298	37416898	7
chr21	37418698	37419498	7
chr21	37419498	37419898	6
chr21	37425098	37426098	8
chr21	37428498	37429698	8
chr21	37433498	37436498	8
chr21	37437698	37439898	8
chr21	37451698	37452698	7
chr21	37455098	37455898	7
chr21	37455898	37456098	6
chr21	37458698	37459298	6
chr21	37460298	37460698	8
chr21	37460898	37461098	2
chr21	37461098	37461298	7
chr21	37461298	37461498	2
chr21	37461498	37461698	1
chr21	37461698	37461898	2
chr21	37461898	37462098	1
chr21	37462298	37462498	2
chr21	37462498	37462698	7
chr21	37462698	37462898	8
chr21	37462898	37463498	7
chr21	37463498	37463898	6
chr21	37468298	37468698	8
chr21	37474498	37474898	6
chr21	37506097	37508297	6
chr21	37532898	37533898	7
chr21	37546698	37547898	7
chr21	37555898	37557298	7
chr21	37557298	37557498	2
chr21	37557498	37557698	7
chr21	37557698	37557898	2
chr21	37562698	37563098	7
chr21	37563098	37563698	2
chr21	37563698	37564098	1
chr21	37564098	37565098	2
chr21	37565098	37565298	7
chr21	37617498	37618298	7
chr21	37623898	37624498	7
chr21	37627098	37627698	7
chr21	37630498	37630898	7
chr21	37630898	37632298	2
chr21	37639898	37640498	7
chr21	37674898	37675498	7
chr21	37700697	37701298	7
chr21	38179306	38179706	7
chr21	38239078	38240278	7
chr21	38243878	38244078	7
chr21	38244078	38245078	2
chr21	38245078	38245878	7
chr21	38248478	38250478	7
chr21	38267078	38268078	7
chr21	38268078	38268278	2
chr21	38268278	38268678	7
chr21	38268678	38269678	2
chr21	38269678	38273478	7
chr21	38286678	38287478	7
chr21	38293078	38294478	7
chr21	38296878	38297678	7
chr21	38352078	38352678	7
chr21	38679276	38679876	7
chr21	38733876	38734076	7
chr21	38734076	38734476	2
chr21	38734476	38734676	7
chr21	38765676	38766676	8
chr21	38766876	38767276	2
chr21	38767276	38767676	1
chr21	38767676	38769076	2
chr21	38769076	38769476	7
chr21	38772876	38774076	7
chr21	38777076	38778276	7
chr21	38780276	38780876	7
chr21	38780876	38781276	2
chr21	38781476	38782076	8
chr21	38785876	38787676	7
chr21	38787676	38788276	2
chr21	38788276	38788876	7
chr21	38798476	38799076	7
chr21	38804076	38804876	7
chr21	38804876	38805676	2
chr21	38805676	38807876	1
chr21	38807876	38808276	2
chr21	38808276	38809276	7
chr21	38809276	38809876	6
chr21	38830876	38831476	7
chr21	38831476	38831876	2
chr21	38831876	38832076	7
chr21	38861876	38862876	7
chr21	38985674	38985874	11
chr21	39016674	39017074	7
chr21	39063274	39063674	7
chr21	39093874	39094874	7
chr21	39180674	39180874	1
chr21	39180874	39181274	2
chr21	39181274	39181674	7
chr21	39181674	39181874	2
chr21	39181874	39185074	1
chr21	39185074	39185274	2
chr21	39185274	39185474	1
chr21	39185474	39187274	2
chr21	39187274	39187674	7
chr21	39187674	39189074	2
chr21	39189074	39191074	7
chr21	39290474	39292074	8
chr21	39300074	39301874	8
chr21	39311874	39312274	2
chr21	39312274	39314474	1
chr21	39314474	39315074	2
chr21	39315074	39316074	7
chr21	39317674	39318274	7
chr21	39346874	39350274	1
chr21	39350274	39350874	2
chr21	39373674	39374274	2
chr21	39379674	39380074	2
chr21	39380074	39381074	1
chr21	39381074	39381474	2
chr21	39384874	39385474	7
chr21	39385474	39386274	1
chr21	39386274	39386674	2
chr21	39386674	39387274	7
chr21	39387274	39387474	2
chr21	39387474	39388274	1
chr21	39388274	39389074	2
chr21	39389074	39389874	7
chr21	39444474	39444674	7
chr21	39444674	39445274	2
chr21	39445274	39445874	1
chr21	39445874	39446074	2
chr21	39446074	39446274	1
chr21	39446274	39446674	2
chr21	39446674	39447474	7
chr21	41112873	41113273	7
chr21	41167673	41168473	1
chr21	41169073	41169273	10
chr21	41195273	41195873	7
chr21	41230073	41230273	11
chr21	41358073	41358273	7
chr21	41360273	41360473	7
chr21	41361273	41361473	7
chr21	41361473	41362473	2
chr21	41362473	41363273	1
chr21	41363273	41365273	2
chr21	41366073	41369673	2
chr21	41369673	41370073	1
chr21	41370073	41370673	2
chr21	41370673	41370873	1
chr21	41370873	41371073	2
chr21	41371073	41371273	1
chr21	41371273	41371873	2
chr21	41371873	41372873	1
chr21	41372873	41373073	2
chr21	41373073	41373273	6
chr21	41373273	41373473	7
chr21	41411273	41412073	7
chr21	41419673	41419873	7
chr21	41419873	41420273	2
chr21	41420273	41420673	1
chr21	41420673	41420873	2
chr21	41420873	41421273	7
chr21	41421673	41425473	7
chr21	41425473	41425873	2
chr21	41425873	41427073	1
chr21	41433673	41435273	8
chr21	41436673	41437073	6
chr21	41460273	41461873	7
chr21	41465073	41465473	7
chr21	41478073	41479073	7
chr21	41482273	41482873	7
chr21	41482873	41483273	2
chr21	41483273	41483473	7
chr21	41483873	41484273	7
chr21	41520873	41521673	7
chr21	41545873	41546073	2
chr21	41546073	41547273	7
chr21	41555873	41556673	7
chr21	41559273	41559473	7
chr21	41559473	41560473	2
chr21	41560473	41562473	7
chr21	41567673	41568273	7
chr21	41570273	41570873	7
chr21	41570873	41571473	2
chr21	41571473	41571673	7
chr21	41571673	41572273	8
chr21	41601440	41602440	7
chr21	41766840	41768240	10
chr21	41768240	41768440	11
chr21	41768840	41769040	10
chr21	41816844	41817444	7
chr21	41831891	41833291	6
chr21	41833291	41834291	2
chr21	41834291	41834891	7
chr21	41834891	41839291	6
chr21	41841091	41841491	8
chr21	41844091	41844491	7
chr21	41845491	41845891	6
chr21	41861091	41861291	7
chr21	41861291	41863891	2
chr21	41863891	41864091	7
chr21	41864091	41866291	2
chr21	41866291	41868091	7
chr21	41868091	41869291	2
chr21	41869291	41872091	7
chr21	41872691	41873291	7
chr21	41873291	41873491	2
chr21	41873491	41874091	7
chr21	41874091	41875491	6
chr21	41876091	41877091	2
chr21	41877091	41880291	1
chr21	41880291	41880691	2
chr21	41885291	41886491	7
chr21	41895691	41896491	6
chr21	41901091	41901891	6
chr21	41920891	41921091	6
chr21	41921091	41921291	2
chr21	41921291	41921691	7
chr21	41921691	41922491	2
chr21	41922491	41922691	7
chr21	41922691	41922891	2
chr21	41922891	41923491	7
chr21	41923491	41924491	2
chr21	41924491	41924891	1
chr21	41924891	41926291	2
chr21	41926291	41926891	1
chr21	41926891	41927091	2
chr21	41927091	41928291	7
chr21	41928291	41929891	2
chr21	41929891	41931291	7
chr21	41933091	41933891	7
chr21	41948491	41948691	7
chr21	41948691	41949491	1
chr21	41950291	41950691	1
chr21	41950691	41950891	2
chr21	41950891	41951891	1
chr21	41951891	41952891	2
chr21	41952891	41954291	1
chr21	41954291	41955891	2
chr21	41955891	41958491	7
chr21	41964891	41965291	7
chr21	41973891	41974891	7
chr21	41995691	41998091	8
chr21	42002091	42003491	2
chr21	42003491	42004691	7
chr21	42004691	42005091	2
chr21	42006691	42006891	2
chr21	42008291	42008691	1
chr21	42008691	42009291	2
chr21	42009291	42012091	1
chr21	42027291	42028091	7
chr21	42030691	42032491	7
chr21	42037491	42038091	7
chr21	42058291	42058891	7
chr21	42060691	42061291	7
chr21	42061291	42062491	2
chr21	42062491	42062891	7
chr21	42062891	42064491	2
chr21	42064491	42066691	7
chr21	42066691	42066891	2
chr21	42073091	42073691	7
chr21	42076691	42078691	7
chr21	42078691	42079291	2
chr21	42079291	42080491	7
chr21	42086090	42087490	7
chr21	42089290	42089490	7
chr21	42101890	42102690	7
chr21	42107490	42107690	7
chr21	42107690	42108690	2
chr21	42108690	42108890	7
chr21	42113890	42114090	7
chr21	42116290	42117290	7
chr21	42117290	42117690	2
chr21	42117690	42119090	7
chr21	42119090	42119490	2
chr21	42119490	42122690	7
chr21	42125690	42126090	7
chr21	42129090	42129890	7
chr21	42129890	42130290	2
chr21	42140090	42140690	7
chr21	42145290	42145890	7
chr21	42161690	42161890	7
chr21	42186890	42187690	7
chr21	42187690	42189090	2
chr21	42189090	42190690	7
chr21	42191290	42191890	7
chr21	42198890	42200090	7
chr21	42218890	42219890	1
chr21	42219890	42220890	2
chr21	42227290	42228290	7
chr21	42228290	42228690	2
chr21	42228690	42229290	7
chr21	42231890	42232290	7
chr21	42232290	42233890	2
chr21	42233890	42234290	7
chr21	42234290	42235490	2
chr21	42235490	42237490	7
chr21	42237490	42239090	2
chr21	42239090	42239490	7
chr21	42242090	42243290	7
chr21	42247690	42248890	7
chr21	42248890	42249690	2
chr21	42249690	42251290	7
chr21	42254690	42255690	7
chr21	42285090	42285890	7
chr21	42285890	42287290	2
chr21	42287290	42289490	7
chr21	42309490	42310290	7
chr21	42319290	42319890	7
chr21	42330090	42330890	7
chr21	42337691	42340491	7
chr21	42361891	42363691	7
chr21	42365891	42366891	7
chr21	42379491	42380291	7
chr21	42384291	42385691	7
chr21	42387291	42389291	7
chr21	42389291	42390291	2
chr21	42390291	42392091	7
chr21	42392091	42393891	2
chr21	42393891	42394091	1
chr21	42394491	42395291	1
chr21	42397691	42400291	7
chr21	42400291	42400891	2
chr21	42400891	42401291	7
chr21	42401291	42402491	8
chr21	42406291	42407091	7
chr21	42411491	42414891	7
chr21	42414891	42416091	2
chr21	42416091	42417691	7
chr21	42418091	42418891	8
chr21	42420491	42420891	7
chr21	42420891	42421691	2
chr21	42421691	42422091	7
chr21	42422091	42423891	2
chr21	42423891	42424291	7
chr21	42424291	42426091	2
chr21	42426091	42427291	7
chr21	42439290	42439890	7
chr21	42439890	42440090	2
chr21	42440090	42440290	7
chr21	42440290	42440490	2
chr21	42440490	42441490	7
chr21	42445890	42447290	7
chr21	42448490	42450890	7
chr21	42459490	42460490	7
chr21	42460490	42461490	2
chr21	42461490	42464890	7
chr21	42464890	42466090	2
chr21	42466090	42468690	7
chr21	42468690	42469690	2
chr21	42469690	42470490	7
chr21	42471890	42472490	7
chr21	42473890	42474490	7
chr21	42474490	42474690	2
chr21	42474690	42474890	7
chr21	42474890	42475090	2
chr21	42475090	42478090	7
chr21	42478090	42479090	2
chr21	42479090	42480290	7
chr21	42490290	42490890	7
chr21	42492090	42492290	7
chr21	42495490	42496090	2
chr21	42496090	42496690	1
chr21	42496690	42497290	2
chr21	42500490	42501090	7
chr21	42503090	42503490	7
chr21	42503490	42504090	2
chr21	42504090	42504690	7
chr21	42504690	42505490	2
chr21	42505490	42506490	7
chr21	42511690	42513290	7
chr21	42513290	42513490	2
chr21	42513490	42515490	1
chr21	42515490	42515690	2
chr21	42515690	42516090	7
chr21	42516090	42516490	2
chr21	42516490	42517090	1
chr21	42517290	42517890	6
chr21	42518290	42518490	6
chr21	42520690	42523890	6
chr21	42524090	42524490	2
chr21	42524490	42524890	1
chr21	42524890	42526090	2
chr21	42526090	42527290	6
chr21	42527290	42528690	2
chr21	42528690	42529490	7
chr21	42529490	42531690	6
chr21	42531690	42532490	7
chr21	42532490	42533090	2
chr21	42534690	42535690	2
chr21	42536290	42537890	6
chr21	42548290	42549690	6
chr21	42556290	42556890	7
chr21	42556890	42557090	2
chr21	42557090	42557490	7
chr21	42557490	42557890	6
chr21	42560690	42562490	6
chr21	42574890	42576490	8
chr21	42590690	42591290	7
chr21	42594690	42595290	7
chr21	42614890	42615490	7
chr21	42654290	42654890	11
chr21	42658090	42658690	7
chr21	42658690	42658890	2
chr21	42658890	42659290	7
chr21	42659490	42659690	11
chr21	42659890	42660890	7
chr21	42734290	42735290	7
chr21	42737890	42738090	7
chr21	42745890	42746890	7
chr21	42777290	42778490	7
chr21	42783890	42784490	7
chr21	42799290	42800490	7
chr21	42832890	42834090	7
chr21	42877690	42877890	7
chr21	42878090	42880090	1
chr21	42880090	42880690	2
chr21	42880690	42881090	7
chr21	42892290	42892490	7
chr21	42892490	42892890	2
chr21	42892890	42894290	1
chr21	42923290	42924890	7
chr21	42925290	42925890	7
chr21	42931490	42932890	7
chr21	42933290	42933490	7
chr21	42936490	42937890	7
chr21	42949090	42949890	7
chr21	42971890	42972090	7
chr21	42973290	42973490	7
chr21	42973490	42974090	2
chr21	42974090	42976090	1
chr21	42976090	42976890	2
chr21	42979690	42981490	7
chr21	42983090	42983690	7
chr21	42986090	42986490	7
chr21	42986490	42986690	2
chr21	42986690	42986890	7
chr21	42986890	42987090	2
chr21	42987090	42987290	7
chr21	42988690	42992290	7
chr21	43015690	43016490	7
chr21	43044890	43046690	7
chr21	43055290	43056090	7
chr21	43073090	43073290	7
chr21	43074490	43074690	2
chr21	43075090	43075890	11
chr21	43085090	43086090	7
chr21	43086090	43086290	2
chr21	43086290	43086690	7
chr21	43086690	43087090	2
chr21	43087090	43088490	7
chr21	43106290	43108090	1
chr21	43108090	43108290	2
chr21	43108290	43108490	1
chr21	43108490	43110290	2
chr21	43110290	43110690	1
chr21	43110690	43111290	2
chr21	43111290	43112490	7
chr21	43141890	43142290	7
chr21	43152690	43152890	7
chr21	43154090	43155090	1
chr21	43159490	43162090	7
chr21	43162090	43163090	2
chr21	43163090	43163490	7
chr21	43163490	43164490	2
chr21	43164490	43164690	7
chr21	43164690	43166290	2
chr21	43166290	43167490	7
chr21	43172490	43173090	7
chr21	43173090	43173890	2
chr21	43176290	43176490	7
chr21	43176490	43176690	2
chr21	43176690	43176890	7
chr21	43176890	43178090	2
chr21	43178090	43178290	7
chr21	43193690	43195290	7
chr21	43266321	43266721	7
chr21	43273520	43274120	7
chr21	43287320	43287720	7
chr21	43289920	43290920	7
chr21	43303520	43304120	7
chr21	43306520	43308120	7
chr21	43311320	43313320	7
chr21	43313320	43313720	2
chr21	43313720	43315520	7
chr21	43317720	43318720	8
chr21	43318720	43320320	7
chr21	43325720	43326320	7
chr21	43351920	43352120	7
chr21	43352120	43352520	2
chr21	43352520	43352920	7
chr21	43352920	43355520	2
chr21	43355520	43356920	7
chr21	43358120	43361120	7
chr21	43361120	43362920	2
chr21	43362920	43363920	7
chr21	43368320	43370920	7
chr21	43379320	43380520	7
chr21	43380520	43381520	2
chr21	43381520	43383320	7
chr21	43384320	43385120	7
chr21	43397120	43399120	7
chr21	43399120	43400520	2
chr21	43400520	43402320	7
chr21	43408720	43409320	7
chr21	43409320	43410520	2
chr21	43410520	43412520	7
chr21	43413720	43414120	6
chr21	43415120	43416920	6
chr21	43423120	43427920	1
chr21	43427920	43428320	2
chr21	43428320	43428520	7
chr21	43428920	43430320	7
chr21	43430320	43431520	2
chr21	43431520	43433320	7
chr21	43433320	43433920	2
chr21	43433920	43434320	7
chr21	43435120	43435320	7
chr21	43437520	43439120	7
chr21	43439120	43440320	2
chr21	43440320	43441320	7
chr21	43444720	43445120	7
chr21	43453920	43454920	7
chr21	43456120	43457320	7
chr21	43477720	43478520	7
chr21	43479720	43480520	7
chr21	43509720	43510520	7
chr21	43510520	43510720	2
chr21	43510720	43510920	7
chr21	43510920	43511120	2
chr21	43511120	43512120	7
chr21	43611919	43612519	7
chr21	43612919	43614719	7
chr21	43644719	43645719	7
chr21	43645719	43645919	2
chr21	43645919	43646319	7
chr21	43646319	43646719	2
chr21	43646719	43646919	7
chr21	43658719	43659119	7
chr21	43659119	43659319	2
chr21	43659319	43661119	1
chr21	43661119	43661319	2
chr21	43663519	43664319	6
chr21	43664919	43666519	8
chr21	43666919	43667119	7
chr21	43667119	43667319	2
chr21	43667319	43667519	7
chr21	43667519	43667719	2
chr21	43700919	43701719	7
chr21	43702719	43703719	7
chr21	43706719	43706919	7
chr21	43715519	43716519	7
chr21	43716519	43717519	2
chr21	43717519	43718119	7
chr21	43718119	43718719	2
chr21	43718719	43720119	1
chr21	43720119	43722319	2
chr21	43722319	43722519	1
chr21	43723719	43724319	6
chr21	43724319	43724919	7
chr21	43724919	43725119	2
chr21	43725119	43725319	7
chr21	43725319	43726119	2
chr21	43726119	43727919	7
chr21	43727919	43728519	2
chr21	43728519	43729119	1
chr21	43729119	43729319	2
chr21	43729319	43729519	1
chr21	43729519	43729719	2
chr21	43729719	43730119	7
chr21	43733919	43734119	6
chr21	43772719	43772919	7
chr21	43774319	43774719	6
chr21	43774719	43775119	7
chr21	43775119	43775719	2
chr21	43775719	43776919	1
chr21	43777719	43777919	7
chr21	43778319	43780919	7
chr21	43782519	43783519	7
chr21	43788519	43788719	2
chr21	43788719	43790519	1
chr21	43790519	43791319	2
chr21	43791319	43791919	1
chr21	43803319	43804719	6
chr21	43804719	43805319	7
chr21	43805319	43805519	2
chr21	43805519	43805919	7
chr21	43805919	43806519	2
chr21	43806919	43810719	7
chr21	43810719	43810919	2
chr21	43810919	43811119	7
chr21	43811119	43811319	2
chr21	43811319	43811519	7
chr21	43812519	43812719	7
chr21	43816719	43818119	7
chr21	43818519	43819119	8
chr21	43838519	43840119	7
chr21	43842319	43843519	7
chr21	43854319	43854919	7
chr21	43854919	43855319	2
chr21	43855319	43856319	7
chr21	43861319	43863519	7
chr21	43863519	43864319	2
chr21	43864319	43864719	1
chr21	43865519	43866719	1
chr21	43866719	43867719	2
chr21	43867719	43867919	1
chr21	43868919	43869719	1
chr21	43870719	43871919	8
chr21	43872719	43873119	6
chr21	43873119	43873519	7
chr21	43874119	43874319	7
chr21	43874519	43875719	8
chr21	43879319	43881519	6
chr21	43881919	43883519	6
chr21	43883519	43885319	7
chr21	43891519	43892919	8
chr21	43892919	43894119	2
chr21	43894119	43894519	1
chr21	43894519	43894719	7
chr21	43911519	43914319	8
chr21	43915919	43916119	7
chr21	43916119	43916519	2
chr21	43916519	43917319	1
chr21	43917319	43919119	2
chr21	43919119	43919519	7
chr21	43919519	43920319	6
chr21	43920319	43920719	2
chr21	43920719	43921119	7
chr21	43921119	43921719	2
chr21	43921719	43922119	6
chr21	43922119	43922719	2
chr21	43922719	43923719	6
chr21	43929919	43930519	6
chr21	43937119	43937519	7
chr21	43937519	43937719	6
chr21	43937719	43939119	2
chr21	43939119	43939319	7
chr21	43939319	43939519	2
chr21	43939519	43940319	6
chr21	43946719	43950319	8
chr21	43955919	43958119	7
chr21	43958119	43958719	2
chr21	43958719	43959519	6
chr21	43960119	43961719	8
chr21	43974919	43975919	7
chr21	44010919	44011119	7
chr21	44011119	44011519	2
chr21	44011519	44014719	1
chr21	44014719	44014919	2
chr21	44014919	44015119	1
chr21	44015119	44015519	2
chr21	44015519	44015919	7
chr21	44015919	44016119	2
chr21	44016119	44017119	1
chr21	44017119	44018119	2
chr21	44018119	44019319	7
chr21	44019319	44019719	2
chr21	44020719	44020919	1
chr21	44021119	44021319	7
chr21	44021319	44021919	2
chr21	44021919	44025119	7
chr21	44025119	44025719	2
chr21	44025719	44026319	7
chr21	44027119	44027919	8
chr21	44064919	44065119	6
chr21	44065919	44066319	6
chr21	44106719	44107919	1
chr21	44107919	44108919	2
chr21	44108919	44109519	6
chr21	44132318	44132518	2
chr21	44132518	44134518	1
chr21	44134518	44134918	2
chr21	44135918	44136918	6
chr21	44137718	44138518	2
chr21	44138518	44141518	6
chr21	44141918	44142718	7
chr21	44142718	44146918	2
chr21	44146918	44149517	7
chr21	44150317	44150717	8
chr21	44150717	44151117	7
chr21	44151317	44152917	7
chr21	44152917	44154317	2
chr21	44154317	44154717	7
chr21	44154717	44155917	2
chr21	44155917	44156717	7
chr21	44156717	44158317	2
chr21	44158317	44158917	1
chr21	44158917	44161517	2
chr21	44167317	44167717	7
chr21	44170117	44172517	7
chr21	44172517	44172717	2
chr21	44172717	44173117	7
chr21	44173117	44174317	2
chr21	44174317	44174917	7
chr21	44174917	44175117	2
chr21	44175117	44175517	7
chr21	44175517	44177717	2
chr21	44177717	44177917	7
chr21	44177917	44178117	2
chr21	44181517	44182717	7
chr21	44184517	44186917	7
chr21	44194117	44197317	7
chr21	44203317	44206117	7
chr21	44206117	44209117	2
chr21	44209117	44211717	7
chr21	44211717	44212517	2
chr21	44212517	44216717	7
chr21	44217117	44218317	7
chr21	44218317	44218517	2
chr21	44218517	44218717	7
chr21	44218717	44218917	2
chr21	44218917	44219717	7
chr21	44219717	44220517	2
chr21	44220517	44221717	7
chr21	44223317	44223717	7
chr21	44238517	44238917	6
chr21	44239117	44239317	1
chr21	44239317	44240317	2
chr21	44240317	44243317	1
chr21	44243317	44246117	2
chr21	44246117	44246517	7
chr21	44246517	44246717	2
chr21	44246717	44247117	7
chr21	44247117	44248517	2
chr21	44248517	44249717	7
chr21	44281517	44282917	7
chr21	44294117	44297917	7
chr21	44297917	44298717	2
chr21	44298717	44298917	7
chr21	44298917	44300917	1
chr21	44300917	44302917	2
chr21	44302917	44303117	7
chr21	44337917	44338317	7
chr21	44338317	44338517	2
chr21	44338517	44340117	1
chr21	44340117	44340517	2
chr21	44340517	44340917	7
chr21	44351717	44353317	7
chr21	44353317	44354317	2
chr21	44354317	44354717	1
chr21	44354717	44355917	2
chr21	44356717	44358317	8
chr21	44375117	44375517	7
chr21	44383117	44383317	8
chr21	44409117	44410117	8
chr21	44416317	44416517	8
chr21	44427717	44427917	8
chr21	44455917	44456317	7
chr21	44505317	44505517	1
chr21	44505517	44505717	10
chr21	44510517	44511117	7
chr21	44564717	44565317	1
chr21	44565317	44565717	7
chr21	44593119	44594119	7
chr21	44685685	44686285	7
chr21	44765085	44766685	7
chr21	44786085	44786685	6
chr21	44787285	44787485	6
chr21	44789485	44789885	6
chr21	44790085	44790485	2
chr21	44790485	44791085	7
chr21	44791085	44791285	6
chr21	44791285	44791685	7
chr21	44792685	44792885	6
chr21	44793085	44793285	1
chr21	44793285	44793485	2
chr21	44793485	44794285	7
chr21	44796285	44796485	6
chr21	44797685	44799085	6
chr21	44799485	44799885	1
chr21	44799885	44801085	2
chr21	44801085	44802485	1
chr21	44802485	44802885	2
chr21	44802885	44803085	7
chr21	44815085	44815885	7
chr21	44816285	44817085	7
chr21	44817285	44818885	1
chr21	44818885	44819085	7
chr21	44845685	44846485	1
chr21	44846485	44846885	7
chr21	44866085	44866285	2
chr21	44866285	44866685	7
chr21	44866685	44866885	2
chr21	44866885	44867085	7
chr21	44867085	44867285	2
chr21	44867285	44868085	7
chr21	44868085	44868885	2
chr21	44868885	44869085	7
chr21	44870685	44870885	1
chr21	44870885	44871285	2
chr21	44871285	44871685	7
chr21	44871685	44872685	2
chr21	44872685	44874685	1
chr21	44874685	44876085	2
chr21	44877685	44877885	7
chr21	44877885	44878085	2
chr21	44878085	44878285	7
chr21	44878285	44878485	2
chr21	44878485	44880885	7
chr21	44880885	44881285	2
chr21	44881285	44882685	7
chr21	44902085	44902485	8
chr21	44907285	44907485	6
chr21	44907485	44909085	7
chr21	44911285	44914085	7
chr21	44914085	44914485	2
chr21	44914485	44914885	7
chr21	44917085	44918685	7
chr21	44918685	44919085	2
chr21	44919085	44919485	1
chr21	44919485	44919685	2
chr21	44919685	44919885	1
chr21	44919885	44920285	2
chr21	44920285	44920685	1
chr21	44920685	44921485	2
chr21	44921485	44922085	1
chr21	44924685	44926285	7
chr21	44926285	44927285	2
chr21	44927285	44927685	7
chr21	44927685	44928885	2
chr21	44928885	44929085	7
chr21	44929085	44931885	2
chr21	44931885	44933285	1
chr21	44933285	44933885	2
chr21	44933885	44934085	1
chr21	44935085	44935285	7
chr21	44938885	44939085	7
chr21	44939085	44939285	2
chr21	44939285	44941285	1
chr21	44941285	44943485	2
chr21	44943685	44944085	6
chr21	44949685	44950085	7
chr21	44952085	44952885	7
chr21	44964885	44965285	6
chr21	44965285	44966085	8
chr21	45060085	45060685	7
chr21	45073485	45073685	11
chr21	45073685	45073885	2
chr21	45073885	45075085	1
chr21	45075085	45075685	11
chr21	45075685	45075885	10
chr21	45102685	45104685	7
chr21	45104685	45105085	2
chr21	45105085	45105485	7
chr21	45105485	45105885	2
chr21	45105885	45106085	7
chr21	45106285	45108685	8
chr21	45108685	45108885	7
chr21	45108885	45109885	2
chr21	45109885	45110485	7
chr21	45110485	45112085	2
chr21	45112085	45114285	7
chr21	45122285	45122485	7
chr21	45122485	45123085	2
chr21	45123085	45125885	7
chr21	45128085	45128685	7
chr21	45130485	45131485	7
chr21	45203685	45204885	7
chr21	45206885	45209485	7
chr21	45209485	45210085	2
chr21	45210085	45211085	7
chr21	45234085	45234485	1
chr21	45255285	45255485	7
chr21	45266285	45267885	6
chr21	45269885	45272485	8
chr21	45285285	45285485	6
chr21	45286485	45286685	1
chr21	45286685	45286885	2
chr21	45286885	45287085	7
chr21	45287685	45288685	1
chr21	45288685	45288885	7
chr21	45292285	45293285	7
chr21	45325085	45327485	7
chr21	45364085	45364885	7
chr21	45369685	45370285	7
chr21	45438886	45439086	7
chr21	45439086	45439486	2
chr21	45439486	45440086	7
chr21	45464086	45465686	7
chr21	45471086	45471686	7
chr21	45477686	45478286	7
chr21	45478286	45478686	2
chr21	45478686	45479486	7
chr21	45482886	45483486	7
chr21	45501286	45502486	7
chr21	45502486	45502886	2
chr21	45517886	45522886	8
chr21	45540086	45540286	7
chr21	45540486	45541086	1
chr21	45541086	45541686	2
chr21	45541686	45542886	1
chr21	45542886	45544286	2
chr21	45544286	45544686	7
chr21	45549086	45549886	7
chr21	45549886	45550886	2
chr21	45550886	45551086	7
chr21	45551086	45551886	2
chr21	45551886	45553486	7
chr21	45554486	45555686	1
chr21	45555686	45556086	2
chr21	45556086	45556286	1
chr21	45591086	45591286	1
chr21	45591286	45592286	2
chr21	45592286	45592686	7
chr21	45592686	45592886	2
chr21	45592886	45593686	7
chr21	45593686	45595886	1
chr21	45595886	45596086	7
chr21	45596686	45601086	8
chr21	45613886	45614086	7
chr21	45615086	45615886	2
chr21	45615886	45616686	7
chr21	45631686	45632086	7
chr21	45632086	45632886	2
chr21	45632886	45633286	7
chr21	45634686	45634886	1
chr21	45634886	45635286	2
chr21	45635286	45635486	1
chr21	45638086	45640286	7
chr21	45640286	45641086	2
chr21	45641086	45642686	7
chr21	45643686	45644486	1
chr21	45644486	45644686	11
chr21	45644686	45644886	10
chr21	45645286	45646086	7
chr21	45654886	45655486	7
chr21	45658486	45659086	7
chr21	45659086	45659286	1
chr21	45659286	45659486	2
chr21	45659486	45659686	7
chr21	45671086	45672086	7
chr21	45672486	45672886	7
chr21	45718886	45720086	7
chr21	45723086	45724086	7
chr21	45735486	45735886	7
chr21	45818686	45821086	7
chr21	45827086	45828086	7
chr21	45845486	45845686	7
chr21	45846686	45847486	7
chr21	45847886	45849086	7
chr21	45885486	45886886	7
chr21	45972686	45972886	7
chr21	45972886	45973686	2
chr21	45973686	45973886	1
chr21	45973886	45974086	2
chr21	45974086	45974486	11
chr21	45981086	45981886	10
chr21	46143686	46144286	1
chr21	46183686	46183886	7
chr21	46183886	46184286	2
chr21	46184286	46184886	1
chr21	46184886	46185486	2
chr21	46185486	46185886	7
chr21	46217486	46217686	7
chr21	46217686	46217886	6
chr21	46217886	46218486	7
chr21	46219286	46219486	7
chr21	46219686	46219886	6
chr21	46224686	46225486	7
chr21	46225886	46226086	7
chr21	46226086	46226686	2
chr21	46226686	46227086	1
chr21	46227086	46227686	2
chr21	46227686	46229686	1
chr21	46229686	46230286	2
chr21	46230286	46230686	1
chr21	46230686	46230886	2
chr21	46244286	46244886	6
chr21	46250286	46253686	8
chr21	46253886	46255086	6
chr21	46284486	46285286	2
chr21	46285286	46287486	1
chr21	46287486	46287686	2
chr21	46287686	46287886	7
chr21	46290086	46290686	6
chr21	46291286	46292486	8
chr21	46294686	46295486	7
chr21	46319286	46319486	6
chr21	46320286	46320486	6
chr21	46321686	46325486	1
chr21	46325486	46326286	2
chr21	46326286	46326686	6
chr21	46334286	46334686	6
chr21	46356285	46357085	7
chr21	46367485	46368485	7
chr21	46368485	46370085	2
chr21	46370085	46370685	7
chr21	46371485	46371685	7
chr21	46371685	46372485	6
chr21	46378485	46380085	8
chr21	46381685	46384885	8
chr21	46408086	46408286	6
chr21	46447687	46448087	8
chr21	46450687	46451087	8
chr21	46455887	46456487	6
chr21	46456487	46457887	2
chr21	46457887	46459887	1
chr21	46459887	46460087	2
chr21	46460087	46460287	1
chr21	46460287	46460687	2
chr21	46460687	46460887	1
chr21	46461087	46462487	1
chr21	46471087	46471887	7
chr21	46474287	46474887	7
chr21	46492887	46493487	8
chr21	46493887	46494087	8
chr21	46499887	46500287	6
chr21	46500287	46501087	2
chr21	46501087	46503887	7
chr21	46503887	46505287	2
chr21	46505287	46505487	7
chr21	46505487	46506087	6
chr21	46506087	46506487	7
chr21	46506487	46506687	2
chr21	46506687	46506887	7
chr21	46506887	46507087	2
chr21	46507087	46507687	7
chr21	46514687	46515087	6
chr21	46515087	46515487	2
chr21	46515487	46515887	7
chr21	46526087	46527287	7
chr21	46550287	46551087	6
chr21	46559087	46559887	7
chr21	46570687	46571487	8
chr21	46572487	46573287	8
chr21	46605487	46606287	7
chr21	46606287	46607087	2
chr21	46607087	46607687	7
chr21	46607687	46610888	2
chr21	46610888	46611088	1
chr21	46620088	46620288	7
chr21	46621688	46623088	7
chr21	46634488	46634688	7
chr21	46634688	46634888	2
chr21	46634888	46636488	1
chr21	46636488	46636888	2
chr21	46636888	46637088	1
chr21	46638088	46639088	2
chr21	46639088	46639288	1
chr21	46639288	46639688	7
chr21	46639688	46639888	1
chr21	46652488	46656088	8
chr21	46667088	46667288	2
chr21	46667288	46667688	1
chr21	46667688	46668288	2
chr21	46668288	46668488	7
